15428246963372168046
9855349215875135289
10498651013020833484
14953939396189414836
17503057371651125189
13113741911356602004
18023667006495043264
17710282665304472080
9535159557601199370
17927545831191054858
14346927034055023221
11323762255187024039
11573772784002504129
17933361312730972601
15518191006455916166
15182661360308834725
12469711201129944493
13647239974601706947
18427153513627284358
10278038689957193247
11566424262762091759
10272358428686162961
11950275240675890487
11596030547589060625
12595055727389022053
14027317011333476198
17621430362285597956
14910057408868980818
13423275141403759683
11902864084103282072
13981977359598186922
12353910639303719520
13967018896375728662
9673130308147053762
11314349666037124513
15896503215113264748
16781165145397451859
13115593435556756126
11683152314017927225
14211100787860785479
12684027603131008088
18308305372817345577
18270575487677553010
11539391058702049483
11652498760914448570
13627404937735455262
17393783784365943576
11508754383814620207
15087711763993474071
16611567922315003467
15136517808040138155
14148512929628477131
14740799034717343408
9736849743266904708
16489381490191413289
10165398086891071721
12657251753999756263
9463420996230525640
14542030655879199245
12902951030181299321
17167244153581728654
18437354235140765682
16506925083906253936
10965380031916146299
15216227700787980827
17881961367910551795
12769336408489140336
12067933092467331446
15905116882448501072
15871202713806222724
10558972282999343931
13166161670178828028
10332712418147221609
13448026144346312257
11285110825396047426
10614003919562939135
16158277417993994319
15815080721068514543
10300623858714564721
16447553803293526569
11766352699195157084
17986914444798263959
12509751976153106619
9350200007968254965
16668575374897209905
11977915326247968122
15101152668858466511
14406939450281200740
17706034377361504417
11743194378608397815
12414114920440358188
11672443258427051594
9889787813368367457
14063043666026256660
16364205168103722043
12115187976998382996
15305632011942484267
9387161640827757025
13334278100213600363
11887891420673847173
18392495798220052594
13700082188745139406
12977573698874775618
10140283962779630772
9848749762079688630
13742715583581287267
10307237906740235382
17508897483063187578
13092073929857265721
9555963013888756949
10825342390236675074
17972602412690021211
17903885789842911773
12068882547941037214
16942817480186856459
13973822608960434143
16848361772586910875
15386067413523088654
9771903405342116246
15384434099549688922
9410399881148317468
18178631117533075901
16587046763729758683
15394958637475121916
9918273939754752153
9828825393226282493
13727460839151461587
13488568272397166178
16147126475892492426
18414320695868328472
12565757525450746209
17087113153985253247
12346453337560217914
11563545421506205395
10877800533060260807
15909258961169804694
11655150948855485395
17687852024632778250
11796196541436454615
14289185003068697611
9335181965839327589
13382204654702554027
16833369699759569305
17217325279646733718
9387835779611540408
15400217206647719927
16582306693113539351
9469088438935970015
12163481358649138572
13226401938090162955
16932041201798134146
16688282708001177573
9798902527560650773
13266446450095058635
12081440922615742228
13953155402959274162
14611390252680285309
12542830946734116947
13310185089402227008
12411144026104946716
16771757017239239683
9435534513047841691
16799398490392618628
13677535679700957680
10615615648443321221
17640902489090812167
10001705839637592840
15494262103025971236
12101693563549272763
12404127284762467850
17666830303443818533
12731101145174559882
9483561594415655845
18028951598335178826
13693440962330035997
18343590484102360287
15464002844723962607
10434191982109627069
10447227472449922979
14727977106588681249
15400002251311749510
10276982421707348484
11682475908466956648
13213823943901121797
11143501865521330971
11248842530392085343
9245607335397321754
16419386911310495724
10993426937014846177
12993130042895651563
11931762161664667087
15460737094030374692
17410293113973233681
12258316247541706702
16622657962420202843
15009540414450530564
14052828330606613256
16417094651955980371
10482052513586937145
17585146103067136988
14910658875511239707
13243134937970819216
11172038782129038656
11084247561904558144
15435748951889927975
17781430418224139616
14614788598624408785
12367695365990913220
12944857394287238567
16369409373474481311
16635742768786608278
10175812949746984269
10535960452386157376
9700471498664010424
17583855562658054415
13986790021341406991
13072490476990474800
12421439433945204356
18296075995805844963
14385174017328617116
17703400793393912536
9899232612730957667
10662323892792263884
15235048316136389772
10513351480102994327
13252720047150213637
17127976426336510363
13867307638863131996
16906792029808812653
17728206009509087143
15287492709019878226
14677705975215852596
11923868733238777001
14782175974810630139
17427824279324093347
15325905998881178671
11268249925789039480
11829853702343939454
13740071895261463108
16446398903320037713
10117959295892064585
14491476608067273989
9705492654593550149
16946934045341430497
16875622220164418625
13559634252651201195
14676539720949289153
12317405507749133024
13348503208166617248
15169207728870093338
12089408659661553350
11714932170960170776
16171959891178167907
12351526179209303421
10771497851712946114
14792007628735503356
11093159762176789827
10603492534296866176
12266382888321672669
12492608673783286016
17071264061884416674
13088672629791532811
14050274386478759760
9782561765817328691
17977924358457126551
16286576054948257133
18201210791873134630
16167789243476406611
17813276061960839999
12871250252312293410
17216812118673174527
17609889804174056442
10913598293009341839
18258216100602033023
15615105166100356548
12624789417864391728
16501521434946181841
10021474713394309029
16982806402594926608
18310589613391579718
17694761121183550692
16012935592887638434
16029392438136353143
9499672673199744254
14795949086227812009
15448098178349684833
15161902531452877578
15346586006222802497
11519254531976581866
14363966693413355157
10983576841283009970
17238893908790657209
11619446894781165928
11159211022078850683
18239274799798175635
11846451630635542317
12545998468310079678
18068991786803892486
15942976040787812235
14427068007059503020
10460904697422530027
10253937799161532938
17305377923778895307
13699039767386795592
10481075409744867636
13898417734398672941
12465567011988737433
10509625210295353706
17985870933388396216
11707171045099469870
9479163011338485614
11077325229754631305
17395163128504524593
12021300096752876269
14898998090368186869
14309260405488716509
16236427972447895061
15868093824448170444
17204773885447990058
12887845653923499786
15940654055185795538
12861485873358016104
12852872230728312989
13534217628525467718
16612197827385878236
10384986705941276731
12590420234008298362
15617583518937237939
16642410944124650270
15087411227521139673
13420129674934300028
11652000933151592814
14324689267279616060
14481067691676550978
12168722962314131934
12293225672708846940
12345450303795574653
16964812477864436454
11179489780177959523
14150927572317567375
11389464203712270623
14010342214660235364
14622220526467631358
9931420249575279518
12347347582245009706
9337268732730673249
16991688324169787614
11727105546172482562
11263849829420413530
11136878195359444668
9493102092580397022
9765686470568766945
13882195161554349931
17319129231181089133
16879052385399544806
17287499244776832822
15363619031622251247
13075929697274401774
16211412441419258206
12974392822755621855
12535680754099116952
17559981253055450149
10999245908589652017
12555168258066368679
17817486638318558898
11118333058255257011
12005137025464490908
9369823503410608583
16650795012809877501
16086112285652821473
13571605209823023116
9273432388586358067
10481865928071067717
14814489718562370618
18068551091592975518
12893565310701150654
10248774229071681664
11554812340763703449
10331680690517326331
16329289165609533590
16813879122102169035
11731173992945928978
11541779597426772533
13077782019771557000
11131075120499282736
12954902757335206939
10849213362298601574
18283445436364080074
12609709862046420598
9731145845332093939
9288583201507789053
15098781083193229888
12969104923519825483
10596856707766970069
14942077797197926457
15983745692104326148
9976842654974406079
17948859642244207991
12126391627549894266
10328034081163332280
13342776408734792144
17454502881529132965
13042068488676882364
13343824354092702382
10611976539998527151
9441137352693353120
10934898754198845054
17589330975830473036
9738614806011465378
16041504824692905633
15493776262940304791
15626966800249654493
12557865410514023257
15573877181052555353
11975966884003592693
13132820019432070164
13562817729853663201
11365024037921921874
13512052508199028814
16586736211274719757
17844238196011997928
16734883556124698434
13548405581482758649
10679971037795772390
17460770398608937164
15556180583862693598
17146074023535805793
13581571427485929512
9904815403088987793
16734122176532058318
14651957001348028778
9499869653279832269
16522664252842977112
9705680094869314807
13458221841555613106
13792712776173602806
16960010640697150868
17569003580614537382
13483723097730036023
12399251858666646815
14795887846017308000
9970298846475974232
14811866036171683793
13816797982788656375
12402694347643344271
14267644305973127498
13689878227120653469
10378718787494037984
11878804512538352534
14963138543717686932
9408009174655272152
9646277036290596058
10649680278567516416
11859277845963061362
12037707987988599789
10056771703599524378
9748192794644738913
11830320070193521969
12443826069647829392
15845476141131998236
15524079241380458890
13983787078855274555
14758614823405510915
15263105237162834172
18110770101687881004
12935788378743770112
9542343511356254380
12699738604270675763
16159251304445879595
18312784993843528737
18240361732371815953
10481402067690255527
17060513585797509672
12571976995942037045
10234145628378612336
11485530381537526921
12449947581676769053
10908453673102440709
12756149799229030978
17912980071392919024
17871409993506994847
16982881287215752245
9999495727676033503
12123602251045816981
11718636996769373847
14632678635463703493
12448263519448784568
14976637618482211272
10074301656474090772
10188317834309011837
14503032799630457058
13814409791730366906
13403349435249580248
16560354043364060038
18043607789529325450
12865072086101960811
10244655014404950377
13140965913224910081
10493762770009824833
13739076231043246296
17472528613090383497
17603612763577405105
16735760426980782835
12721544088898648491
17348482111122490475
11623331875044205317
14918668768244600378
10588771217366452474
10801639165505917283
10117362235112796653
11225080706813065973
16241184083778389979
11413171495110097799
17577087854912570859
15471769539356791201
17550971159572389297
17560766351027997092
16777139725978467696
16182624970955252524
14187268914147371865
15859139791354250005
15792363702601273664
10229921057822178205
10090788712825020508
15161220354789628852
9802730911436152169
9470056838361376816
12594685945459644866
12739691180648974252
14675915152846971528
14698855724698068792
14021198746433464177
9671784253063404586
15342050967333371561
18231677590226486854
16772950060331680869
10937549794864185816
11808651728662804195
18153306828549080342
16371519835025634005
15392970576882819966
12541625402401262398
11970322629328397626
10638192900814564056
17757384118844294137
15807859682473614716
15631083717478662420
17206296849688734320
14666930431000300056
12912998846272457483
14897427099934520443
18165808316038291623
13233212673089372443
14893755145657615618
9318686500828292597
10594390124944937525
15278386846054989073
14348863055150505320
14303065317106993410
15280840813369112028
9844211077906785005
17511466382799959406
16059083935582148029
10777522022751781783
13105480465232942551
14929891927668660238
11551859476553214253
9829733943268252066
18168424472857111998
16987132245509630966
11993573291542817292
9406317661037104605
12815250135576406783
13334816084780864726
11300148160845388343
17818767810053337413
14200729987953846035
15434007428692835555
13722627009983335615
10640210191549610086
14571548774771969470
11565573801296267710
15826308881065982697
16103994518027493305
14019372382477795716
13313842042183241531
13450630208624863192
12556526878815679239
10560924230917432278
16114701002527282025
15573368999502898764
13930721811067817426
18295470091641231515
16012724658691138554
14679963531363067915
14229705784978832675
11948548583672955106
10694419018436556069
9829012135787870301
17041331448215948544
9693949142979809081
13471550734136074157
18154518523031285803
13083067131022875619
16921182319537761523
17901187009059757559
9649403798918227831
14512887974577291492
15596035978535377798
12904808265751610726
10429120418595817750
17564781472922975583
14498269931709009327
10096201042258829284
17531223484510376963
15790994330472526174
17446587011090350934
11370982828709604509
18134201342789051709
12624101890621428947
13536896704710584458
15601808745709943166
10353921011536518023
16330988773227946111
12916128269324855927
10138919542638717427
10398877220882732185
16853204405725453277
17470301119741583319
18437496430426738797
10524705378951146824
11497300745435393021
16684839814116982098
16047809006228536921
14478693429445428398
9821455126665953036
10940972650840125448
10624858074028353248
16399667389740738955
10393288663094323869
13425187520695583026
15545708781357647228
10903748778969702869
14809416436764782645
12927655251911928939
13075672675993591389
18086713979361221174
10632613626472222256
13532219962224581467
10396882073483055349
10260748318011647673
15755522101558053425
9420928063804050625
15625929125925380552
12060192458306860545
11160961286624655042
13320119056840812890
9734753204674655079
15203808546787230490
11889445228319615430
17863324647855222985
14269723224592865299
17935639477272901114
12845158002507089019
18440133997783793934
13661503701317538319
10995232428535646216
15198070321621236470
13495281238654413638
15656049754923349724
16998777414950696715
14847644483130181056
9253098767476840549
18261311591487607979
10229517457275690594
17278810135475707450
9815991667665753557
10021728173499108967
12973094838345668615
9830659320227292951
10564208284364208499
15652558092911946615
18437897282080188296
18268782474203790588
14437605138604601611
15618860042117355023
15283064343405466348
17122711948673816476
11942186380008765942
15051368976411015650
15564706610093588141
9942309158018178942
9398195930187872303
14695641074412443201
10073898144573862152
15467679656848913548
12804377954501305299
17002275612521754280
16791558945389659707
17828141547645987352
11912454825698370990
10463679319629048942
13762517368692899290
17559522937677483726
12698884930262226300
15995324967030050972
18084460878288187951
18084414147161446388
11247990192972842709
17669135952914629215
16335902628189423055
14116919287407144009
15317023858662014153
14174784234907315275
17069275338922835500
14022644866781523588
15096248495278543102
15797065331018945007
11971924665222735526
13319358116016507453
12491051380410113454
13352322348428768373
17073131517195211488
15008947701869954464
16165187334718824869
9249034528408032647
14655676169520011498
17343045224862633669
10937471783649011579
17868198594251026831
17512485570336083557
16527824912247747218
17389397421388332159
11038230688760497835
13011780262121700942
10030848160802465375
14975144003029260248
9904598908835673652
11996237064457034366
17042218701659190240
12415957184531614339
13455362184737596173
11743355721983816466
17838499852221012976
17657577626375467752
18433664742184979720
12082702832526042150
17332952759228059590
14970998614612048371
14781813600394742169
17249177658086924541
11857718525836679231
18168605185975557059
9480154403222700317
18137432548341929322
15817972022761971415
17454183630915464881
12701270116743852737
10707096906793421420
17284923339489090272
11947319470284745981
16225450086349600136
11694250459841593472
15015800602137199188
17490351626630588872
15392681506162949579
11861892105709053626
16318607202988192705
14611561084599174526
