white 48 32 5531
black 8 16 1313
white 53 37 2190
black 9 17 1842
white 32 24 4919
black 1 18 810
white 24 17 8170
black 10 17 842
white 49 41 1817
black 14 22 10358
white 62 45 7816
black 13 29 29751
white 45 62 5895
black 5 14 2399
white 62 45 2319
black 14 56 6436
white 41 33 860
black 18 33 10663
white 51 35 619
black 3 10 22712
white 50 42 45811
black 33 48 1809
white 59 51 32285
black 48 42 9556
white 57 42 21631
black 56 42 3138
white 35 27 1505
black 2 9 6415
white 58 49 3035
black 42 51 1872
white 45 51 3815
black 6 21 6227
white 52 44 46008
black 10 58 3442
white 60 52 526
black 58 49 3619
white 54 46 528
black 11 19 45254
white 44 36 685
black 21 36 4902
white 52 43 581
black 49 51 9230
white 43 34 1151
black 51 42 22859
